1.7e-07 0.000102954766038
1.7007518797e-07 6.04792545744e-05
1.7015037594e-07 2.13587910949e-05
1.7022556391e-07 9.71616286024e-07
1.7030075188e-07 7.70289809314e-06
1.7037593985e-07 3.95793809733e-05
1.7045112782e-07 8.4863757504e-05
1.70526315789e-07 0.000126467796878
1.70601503759e-07 0.000148440706553
1.70676691729e-07 0.000142236639452
1.70751879699e-07 0.000110015478741
1.70827067669e-07 6.40803046393e-05
1.70902255639e-07 2.21963977742e-05
1.70977443609e-07 8.57217812139e-07
1.71052631579e-07 8.8871367353e-06
1.71127819549e-07 4.38824567561e-05
1.71203007519e-07 9.29759314476e-05
1.71278195489e-07 0.00013763150209
1.71353383459e-07 0.000160752358887
1.71428571429e-07 0.000153284977795
1.71503759398e-07 0.000117903190702
1.71578947368e-07 6.8080731155e-05
1.71654135338e-07 2.3112644376e-05
1.71729323308e-07 7.41230913457e-07
1.71804511278e-07 1.02617627603e-05
1.71879699248e-07 4.87798910128e-05
1.71954887218e-07 0.000102140557268
1.72030075188e-07 0.000150201882744
1.72105263158e-07 0.000174559108289
1.72180451128e-07 0.000165664900653
1.72255639098e-07 0.000126705312278
1.72330827068e-07 7.25204872445e-05
1.72406015038e-07 2.41202382659e-05
1.72481203008e-07 6.24797676717e-07
1.72556390977e-07 1.18603734856e-05
1.72631578947e-07 5.43772627735e-05
1.72706766917e-07 0.000112555230468
1.72781954887e-07 0.000164453464321
1.72857142857e-07 0.000190174596319
1.72932330827e-07 0.000179629299259
1.73007518797e-07 0.000136607949513
1.73082706767e-07 7.74964850416e-05
1.73157894737e-07 2.52361937739e-05
1.73233082707e-07 5.0909980988e-07
1.73308270677e-07 1.37289897319e-05
1.73383458647e-07 6.07954873551e-05
1.73458646617e-07 0.000124446519221
1.73533834586e-07 0.000180655188071
1.73609022556e-07 0.0002079030846
1.73684210526e-07 0.000195443362915
1.73759398496e-07 0.000147795000567
1.73834586466e-07 8.30959605017e-05
1.73909774436e-07 2.64777376465e-05
1.73984962406e-07 3.96748198513e-07
1.74060150376e-07 1.59231380679e-05
1.74135338346e-07 6.8210402694e-05
1.74210526316e-07 0.00013809484932
1.74285714286e-07 0.000199212323484
1.74360902256e-07 0.000228152534143
1.74436090226e-07 0.000213496562801
1.74511278195e-07 0.000160517024363
1.74586466165e-07 8.94290893661e-05
1.74661654135e-07 2.786286191e-05
1.74736842105e-07 2.89121220975e-07
1.74812030075e-07 1.85117578473e-05
1.74887218045e-07 7.68146723264e-05
1.74962406015e-07 0.000153856021251
1.75037593985e-07 0.000220570343794
1.75112781955e-07 0.000251407748812
1.75187969925e-07 0.000234158133168
1.75263157895e-07 0.000175052804462
1.75338345865e-07 9.66427159391e-05
1.75413533835e-07 2.94221761752e-05
1.75488721805e-07 1.90477115297e-07
1.75563909774e-07 2.15817932605e-05
1.75639097744e-07 8.68681703273e-05
1.75714285714e-07 0.000172162855462
1.75789473684e-07 0.000245353297598
1.75864661654e-07 0.000278312748674
1.75939849624e-07 0.000258041884131
1.76015037594e-07 0.000191806208811
1.76090225564e-07 0.000104917426916
1.76165413534e-07 3.11876366526e-05
1.76240601504e-07 1.05368204809e-07
1.76315789474e-07 2.52475064057e-05
1.76390977444e-07 9.86976470849e-05
1.76466165414e-07 0.000193599160734
1.76541353383e-07 0.000274251494108
1.76616541353e-07 0.000309692134651
1.76691729323e-07 0.000285801302869
1.76766917293e-07 0.000211246525123
1.76842105263e-07 0.000114467162684
1.76917293233e-07 3.32027766014e-05
1.76992481203e-07 3.97350027289e-08
1.77067669173e-07 2.96584048949e-05
1.77142857143e-07 0.000112722019613
1.77218045113e-07 0.000218904616781
1.77293233083e-07 0.000308276729228
1.77368421053e-07 0.000346532459834
1.77443609023e-07 0.000318356636384
1.77518796992e-07 0.00023399044035
1.77593984962e-07 0.000125595436135
1.77669172932e-07 3.55203755241e-05
1.77744360902e-07 3.85403704607e-09
1.77819548872e-07 3.50005207227e-05
1.77894736842e-07 0.000129494837692
1.77969924812e-07 0.00024905397607
1.78045112782e-07 0.000348764908368
1.78120300752e-07 0.000390267637497
1.78195488722e-07 0.000356984252857
1.78270676692e-07 0.000260890900664
1.78345864662e-07 0.000138718847981
1.78421052632e-07 3.82192470785e-05
1.78496240602e-07 9.32227296145e-09
1.78571428571e-07 4.15552229358e-05
1.78646616541e-07 0.00014976995254
1.78721804511e-07 0.000285340026263
1.78796992481e-07 0.000397352951836
1.78872180451e-07 0.000442713656443
1.78947368421e-07 0.000403182863041
1.79022556391e-07 0.000293020925162
1.79097744361e-07 0.000154305008713
1.79172932331e-07 4.13880732771e-05
1.79248120301e-07 7.51780437557e-08
1.79323308271e-07 4.96403511394e-05
1.79398496241e-07 0.0001745322398
1.79473684211e-07 0.00032949636272
1.7954887218e-07 0.000456336497296
1.7962406015e-07 0.000506329163295
1.7969924812e-07 0.000459188650278
1.7977443609e-07 0.000331896688282
1.7984962406e-07 0.000173101695949
1.7992481203e-07 4.51537651153e-05
1.8e-07 2.27627011366e-07
1.8007518797e-07 5.97731129439e-05
1.8015037594e-07 0.000205194305957
1.8022556391e-07 0.000383963841607
1.8030075188e-07 0.000529052292919
1.8037593985e-07 0.000584574854224
1.8045112782e-07 0.000527964111357
1.80526315789e-07 0.000379562462348
1.80601503759e-07 0.000196072723169
1.80676691729e-07 4.96977874766e-05
1.80751879699e-07 5.05968305797e-07
1.80827067669e-07 7.26335880993e-05
1.80902255639e-07 0.000243718867823
1.80977443609e-07 0.00045217994346
1.81052631579e-07 0.000619925350642
1.81127819549e-07 0.000682363950148
1.81203007519e-07 0.000613820291625
1.81278195489e-07 0.000438946867535
1.81353383459e-07 0.000224573872613
1.81428571429e-07 5.52642497679e-05
1.81503759398e-07 9.67930572687e-07
1.81578947368e-07 8.92351536337e-05
1.81654135338e-07 0.000292911335032
1.81729323308e-07 0.000539044684289
1.81804511278e-07 0.000735485113236
1.81879699248e-07 0.00080668217038
1.81954887218e-07 0.000722949290717
1.82030075188e-07 0.000514376573968
1.82105263158e-07 0.000260643775244
1.82180451128e-07 6.22139030225e-05
1.82255639098e-07 1.7035912744e-06
1.82330827068e-07 0.000111060856866
1.82406015038e-07 0.000357046680625
1.82481203008e-07 0.000651893286951
1.82556390977e-07 0.000885574281576
1.82631578947e-07 0.000967932652111
1.82706766917e-07 0.000864467775996
1.82781954887e-07 0.000612060505423
1.82857142857e-07 0.000307250132444
1.82932330827e-07 7.10889159017e-05
1.83007518797e-07 2.85314112252e-06
1.83082706767e-07 0.000140402362354
1.83157894737e-07 0.000442548231935
1.83233082707e-07 0.000802231758142
1.83308270677e-07 0.00108543553627
1.83383458647e-07 0.0011829045815
1.83458646617e-07 0.00105324136082
1.83533834586e-07 0.000742403349766
1.83609022556e-07 0.000369280249835
1.83684210526e-07 8.27324115862e-05
1.83759398496e-07 4.65709213936e-06
1.83834586466e-07 0.00018099020965
1.83909774436e-07 0.00056008351975
1.83984962406e-07 0.0010085616444
1.84060150376e-07 0.00135987202666
1.84135338346e-07 0.00147824150205
1.84210526316e-07 0.0013128982437
1.84285714286e-07 0.000921811264871
1.84360902256e-07 0.0004545158091
1.84436090226e-07 9.85606100501e-05
1.84511278195e-07 7.51975347909e-06
1.84586466165e-07 0.000239098907645
1.84661654135e-07 0.000727249419279
1.84736842105e-07 0.00130185116965
1.84812030075e-07 0.00175062956471
1.84887218045e-07 0.00189957529593
1.84962406015e-07 0.00168388680951
1.85037593985e-07 0.0011785018304
1.85112781955e-07 0.000576390605886
1.85187969925e-07 0.000120948014365
1.85263157895e-07 1.21817556109e-05
1.85338345865e-07 0.000325866100972
1.85413533835e-07 0.000975772652079
1.85488721805e-07 0.00173836888014
1.85563909774e-07 0.00233348259284
1.85639097744e-07 0.00253028716616
1.85714285714e-07 0.00224146365946
1.85789473684e-07 0.0015652808639
1.85864661654e-07 0.000760293987845
1.85939849624e-07 0.000154406626143
1.86015037594e-07 2.00733238191e-05
1.86090225564e-07 0.000462907811038
1.86165413534e-07 0.00136745022047
1.86240601504e-07 0.00242830332091
1.86315789474e-07 0.00325895435166
1.86390977444e-07 0.00353669778711
1.86466165414e-07 0.003135844574
1.86541353383e-07 0.00218919641877
1.86616541353e-07 0.00105807155963
1.86691729323e-07 0.000208256159359
1.86766917293e-07 3.42759560749e-05
1.86842105263e-07 0.000696168757284
1.86917293233e-07 0.00203537557763
1.86992481203e-07 0.00361150145226
1.87067669173e-07 0.00485703985557
1.87142857143e-07 0.00528942388149
1.87218045113e-07 0.00470749026155
1.87293233083e-07 0.00329595500123
1.87368421053e-07 0.00159051387571
1.87443609023e-07 0.000304552655774
1.87518796992e-07 6.22621009893e-05
1.87593984962e-07 0.00113849174489
1.87669172932e-07 0.00330899696543
1.87744360902e-07 0.00589283920587
1.87819548872e-07 0.00797744868626
1.87894736842e-07 0.00875965149184
1.87969924812e-07 0.00786768391259
1.88045112782e-07 0.00555770746175
1.88120300752e-07 0.00269726133453
1.88195488722e-07 0.000507062583778
1.88270676692e-07 0.000125718028507
1.88345864662e-07 0.00212800617352
1.88421052632e-07 0.00620799111649
1.88496240602e-07 0.0111875744659
1.88571428571e-07 0.0153853035186
1.88646616541e-07 0.017210918268
1.88721804511e-07 0.0157890641574
1.88796992481e-07 0.0114153027154
1.88872180451e-07 0.00566692967683
1.88947368421e-07 0.00107347116607
1.89022556391e-07 0.000308729716264
1.89097744361e-07 0.0050961226448
1.89172932331e-07 0.0152625799779
1.89248120301e-07 0.0284516880362
1.89323308271e-07 0.0407141265614
1.89398496241e-07 0.0477695452874
1.89473684211e-07 0.0464320224205
1.8954887218e-07 0.0360132702646
1.8962406015e-07 0.0194596885559
1.8969924812e-07 0.00411890689884
1.8977443609e-07 0.00117169510926
1.8984962406e-07 0.0226143995663
1.8992481203e-07 0.0758043462799
1.9e-07 0.158155602923
1.9007518797e-07 0.256207784918
1.9015037594e-07 0.350981295144
1.9022556391e-07 0.42684474544
1.9030075188e-07 0.477348553997
1.9037593985e-07 0.505170144929
1.9045112782e-07 0.516941554135
1.90526315789e-07 0.517725698831
1.90601503759e-07 0.507917430491
1.90676691729e-07 0.482958439836
1.90751879699e-07 0.436174892102
1.90827067669e-07 0.36397528174
1.90902255639e-07 0.271208865274
1.90977443609e-07 0.172413455713
1.91052631579e-07 0.0865994989369
1.91127819549e-07 0.0285495871618
1.91203007519e-07 0.00258533749264
1.91278195489e-07 0.00256916877168
1.91353383459e-07 0.0168247065848
1.91428571429e-07 0.0337835075708
1.91503759398e-07 0.0454288104537
1.91578947368e-07 0.0481626635189
1.91654135338e-07 0.0422175660219
1.91729323308e-07 0.0304728789252
1.91804511278e-07 0.0171478200302
1.91879699248e-07 0.00632221475805
1.91954887218e-07 0.000655992423806
1.92030075188e-07 0.00065322642562
1.92105263158e-07 0.00482963647739
1.92180451128e-07 0.010582399724
1.92255639098e-07 0.0152967672698
1.92330827068e-07 0.0172138380347
1.92406015038e-07 0.015847670297
1.92481203008e-07 0.0119158464451
1.92556390977e-07 0.00694054097909
1.92631578947e-07 0.0026316699693
1.92706766917e-07 0.000272207129273
1.92781954887e-07 0.000310444195427
1.92857142857e-07 0.00229158496298
1.92932330827e-07 0.00513355396873
1.93007518797e-07 0.00759504695196
1.93082706767e-07 0.00873409907013
1.93157894737e-07 0.0081944905271
1.93233082707e-07 0.00626211988771
1.93308270677e-07 0.00369388263005
1.93383458647e-07 0.00140863250286
1.93458646617e-07 0.000139938370131
1.93533834586e-07 0.000189005007699
1.93609022556e-07 0.00135159832942
1.93684210526e-07 0.00304074200003
1.93759398496e-07 0.00453796046254
1.93834586466e-07 0.00526676934278
1.93909774436e-07 0.00498299689926
1.93984962406e-07 0.00383435614109
1.94060150376e-07 0.0022715187002
1.94135338346e-07 0.000863380280605
1.94210526316e-07 8.0901122711e-05
1.94285714286e-07 0.000131238978183
1.94360902256e-07 0.000900285623812
1.94436090226e-07 0.00201942585945
1.94511278195e-07 0.00302117390916
1.94586466165e-07 0.00351909666024
1.94661654135e-07 0.00334161478468
1.94736842105e-07 0.00257764404413
1.94812030075e-07 0.0015267916429
1.94887218045e-07 0.000575705171947
1.94962406015e-07 5.02795728423e-05
1.95037593985e-07 9.88390636205e-05
1.95112781955e-07 0.00064793246189
1.95187969925e-07 0.00144402172934
1.95263157895e-07 0.00215916270789
1.95338345865e-07 0.00251732150785
1.95413533835e-07 0.00239261049261
1.95488721805e-07 0.00184560964191
1.95563909774e-07 0.00109039600617
1.95639097744e-07 0.000406779483102
1.95714285714e-07 3.27645660593e-05
1.95789473684e-07 7.86332622152e-05
1.95864661654e-07 0.000492330037071
1.95939849624e-07 0.00108791656308
1.96015037594e-07 0.00162271951453
1.96090225564e-07 0.00189018325552
1.96165413534e-07 0.0017952135365
1.96240601504e-07 0.00138267625119
1.96315789474e-07 0.000813575286237
1.96390977444e-07 0.000299667253731
1.96466165414e-07 2.20519461449e-05
1.96541353383e-07 6.50250346404e-05
1.96616541353e-07 0.000389093261421
1.96691729323e-07 0.000851662058335
1.96766917293e-07 0.00126555904192
1.96842105263e-07 0.00147136978328
1.96917293233e-07 0.0013951697801
1.96992481203e-07 0.0010717193758
1.97067669173e-07 0.000627380004519
1.97142857143e-07 0.000227861295352
1.97218045113e-07 1.51549785941e-05
1.97293233083e-07 5.53686119945e-05
1.97368421053e-07 0.00031687210968
1.97443609023e-07 0.00068664288901
1.97518796992e-07 0.00101590108965
1.97593984962e-07 0.00117782136323
1.97669172932e-07 0.0011141265011
1.97744360902e-07 0.000853154049467
1.97819548872e-07 0.000496458060076
1.97894736842e-07 0.000177563592552
1.97969924812e-07 1.05535607441e-05
1.98045112782e-07 4.82086212459e-05
1.98120300752e-07 0.000264288846169
1.98195488722e-07 0.00056660390747
1.98270676692e-07 0.000834203669964
1.98345864662e-07 0.000964241520361
1.98421052632e-07 0.00090935477616
1.98496240602e-07 0.000693704792222
1.98571428571e-07 0.000401104195601
1.98646616541e-07 0.000141120520176
1.98721804511e-07 7.40547540282e-06
1.98796992481e-07 4.2715937682e-05
1.98872180451e-07 0.000224670583873
1.98947368421e-07 0.000476510787992
1.99022556391e-07 0.000697970818478
1.99097744361e-07 0.000803869784277
1.99172932331e-07 0.000755541888175
1.99248120301e-07 0.000574069257793
1.99323308271e-07 0.000329589942423
1.99398496241e-07 0.000113989321775
1.99473684211e-07 5.20742452625e-06
1.9954887218e-07 3.83993959232e-05
1.9962406015e-07 0.000194047494872
1.9969924812e-07 0.000407087377886
1.9977443609e-07 0.0005930402271
1.9984962406e-07 0.00068034593066
1.9992481203e-07 0.000637285761426
2e-07 0.00048202060996
